0.000000000000	15.180765337100	17.387339075147	19.086592768071	17.350963096361	23.801630110542	25.184887506576	19.469132176003	4.506619746818	15.199602927577	17.693033634020	13.784667559689	15.392555115417	15.213448891190	12.955017518194	13.380964203830	16.907172330545	14.365473015752	18.317890002450	16.866919490891	18.308242763162	18.792898750314	19.048170240314	19.521842481144	20.743882942031	21.799062817112	20.988850731283	21.110136322684	19.676007833287	21.768237554739	22.593291620088	17.642172443096	18.665178945643	15.208608750158	20.562083138850	18.776383354531	14.610378961112	19.911344330298	22.484893891686	20.221557012307	24.384741859383	21.154251004944	22.261407935553	20.327112397894	22.128177708364	26.449175663859	13.090569072524	24.027051619123	22.454142111685	16.349901466548	25.848061817932	21.672928116087	21.612232516638	15.415494030215	24.140997162788	28.104217148830	20.796494717022	14.469593413123	22.265798324748	17.499072914569	19.529307145851	24.124927576635	25.436845589257	18.272807769874	29.612450021404	14.996211410478	22.688952289356	23.689599637811	28.320234341632	23.715672491825	12.994891745880	24.548876873716	26.834832410443	24.533962118987	25.132762178766	26.534213060395	17.459447738923	16.468853664781	27.928026308740	23.814841137424	23.467677015158	19.828165067169	20.211069910557	22.629759673637	23.907423900188	25.224144294586	23.920702382696	19.880516543576	21.045372401390	19.899769281023	23.145376658232	13.737414660911	22.421136670080	25.067849048632	26.678100023765	19.851462465258	16.808965805758	13.515129429249	22.913566677949	22.881546326707	
15.180765337100	0.000000000000	16.595283504868	18.797172521750	18.730042631839	25.220318632371	26.603648694108	20.851462460672	15.218265455206	17.388990330124	18.769397758495	15.196429933759	16.805612879135	4.512814286115	14.383948319303	14.815044538458	18.322424947715	15.835137421407	19.711652185794	18.280352725886	19.725045200373	20.206484575271	20.462159542479	20.068026878370	22.158145885219	23.191078418374	22.402573883589	21.386751324205	21.093751001879	23.181968537902	22.732684717137	19.057588826713	20.082033265710	16.684330480957	21.975706025577	16.604646873122	16.153073406894	21.325370577977	23.898527364325	21.637161192646	25.798481267665	22.568523042782	23.677110871892	21.743005037402	23.544270568303	27.862919314169	14.452072859702	24.097046689164	23.868202732479	17.739266675409	27.261802209482	23.088554830929	23.029414691948	16.857152864126	25.556651280211	29.517962741188	19.104157130767	16.182854801029	23.680198609263	18.979919950457	21.013413908892	25.539248659711	25.471921260929	19.666557725398	31.026196558605	16.545017495616	24.102738393771	25.105790160143	29.733975910347	25.130141827242	14.403749607242	25.962628450333	26.852390226715	25.948040970797	26.547266162626	27.948734402509	18.950440766857	17.858318780708	29.342556338888	25.229311040758	24.884984985438	21.219579836862	21.695347855264	24.043872680988	25.323172740509	26.638468586929	25.336894745769	21.275795870276	22.463639957549	21.295050776657	24.540926732768	15.953417801936	23.839682055875	26.463490053299	28.073783306210	21.269220381128	18.251895732439	14.879485235042	24.331417447721	24.295204551231	
17.387339075147	16.595283504868	0.000000000000	17.995614798839	20.112513212791	26.622688335529	28.006054363219	22.235588607786	17.431112956162	20.001788119343	21.638741319306	16.595363302779	18.205189712107	16.613966754455	15.791372086764	16.224990659347	19.723091815764	17.262265867201	21.101568345147	19.680116133228	21.126480700559	21.606323800783	21.862199208188	23.101677078493	23.558321456403	24.580113193633	23.802481337615	24.515828828720	22.495652623548	24.581879882332	25.913569648611	20.458336955745	21.483494481753	18.114339062843	23.375563665200	18.797972968686	17.614089323831	22.725428594510	25.298390263465	23.038002495198	27.198396797707	23.968703130401	25.078001166195	23.143989431186	24.945354264018	29.262836951647	15.825524881923	27.304979486138	25.268277821684	19.126961763546	28.661718228012	24.489407312913	24.431038387365	18.270795210857	26.957517356445	30.917881343471	20.181341235880	17.716401144691	25.080442381371	20.412355592741	22.447388441943	26.939453102841	28.693681026783	21.056467718215	32.426115630284	18.008788257251	25.502677122041	26.506922287398	31.133892513691	26.530419885983	15.801239240491	27.362550025575	30.081141497167	27.348125114930	27.947561425087	29.349038283560	20.387654145469	19.246064416297	30.742864533614	26.629589381486	26.286671012105	22.608311144471	23.129403099828	25.443973789064	26.724085806035	28.038674623727	26.738027785828	22.666476691895	23.865801264934	22.685732690827	25.931743923532	17.657336062052	25.241980908013	27.854353037149	29.464667580395	22.671129307291	19.666156226869	16.254407488116	25.733372363637	25.695079747965	
19.086592768071	18.797172521750	17.995614798839	0.000000000000	21.496841211712	28.016990286313	29.400374206638	23.620752116304	19.132155567609	21.803414173690	23.493014914837	17.987953681099	19.598100777758	18.818975471302	17.188184597079	17.623051568791	21.116546074853	18.668771976611	22.489645716462	21.073120199421	22.520317727603	22.999365658369	23.255340965408	24.985671770450	24.951530940538	25.967747820129	25.195557202051	26.415813248555	23.889721665391	25.974957685795	27.821869934747	21.851831691834	22.877344311122	19.522250240637	24.768614701019	21.403622683491	19.036939152967	24.118579497049	26.691443920789	24.431543639255	28.591476687323	25.361914865130	26.471566710862	24.537601840104	26.339016124572	30.655917891630	17.205284051702	29.217523179134	26.661437232453	20.513922865810	30.054798361095	25.882954025027	25.824969099464	19.670681671570	28.351070839281	32.310962764322	23.043094278552	19.172891757241	26.473685850048	21.821448497609	23.857229529185	28.332676974088	30.608368473436	22.444541992921	33.819197285087	19.432948794356	26.895768573789	27.900608265172	32.526972938252	27.923680439045	17.193109858604	28.755632928173	31.996906420397	28.741289038212	29.340830550274	30.742311703104	21.799067112721	20.633050943265	32.136140102509	28.022850075054	27.680632750282	23.995793262510	24.539283404024	26.837146166225	28.117662691729	29.431899289102	28.131714218139	24.054937937854	25.259999531807	24.074194485108	27.320273606175	19.186260784486	26.636247609845	29.242905699424	30.853230926198	24.065201984346	21.066347555230	17.634913239811	27.127467927857	27.088139534749	
17.350963096361	18.730042631839	20.112513212791	21.496841211712	0.000000000000	19.527054938438	20.914014570359	10.176323850649	17.406983678180	20.581086729723	22.482968467840	9.126002773567	10.808625547182	18.758009102795	9.153964073125	9.773636691934	12.449398649298	11.771130863576	12.046059796610	12.305023888024	13.935144787353	14.239936360143	14.518660098133	24.084013214474	16.230125814860	15.273066239971	16.443900788155	25.569496551325	15.352645418603	17.223743565323	27.003571421295	13.193510404305	14.294855660703	12.746652821102	16.011286143198	21.954412841221	13.235274376947	15.383968145340	17.934715010258	15.783297587341	19.840738311877	16.641015353710	17.828598356885	15.904730872835	17.716744766507	21.905419008215	7.216233710302	28.413327704988	17.928749348553	9.364287741736	21.304115500649	17.235913535820	17.259356996639	12.067247229772	19.705495332467	23.560573513012	23.860857074607	14.609861518170	17.759902012361	15.143028074992	17.237963626796	19.614501825748	29.811248881321	11.999305372567	25.068861369657	13.697536563308	18.147664872191	19.283485863007	23.776356538014	19.213716913259	8.166882555425	20.005581459705	31.203330968557	20.009620559120	20.632781115743	22.035220474989	15.298591744997	9.502569381263	23.429528289159	19.312917938250	19.121456654320	13.206750966731	17.923069832768	18.107386067696	19.477142579054	20.713902273990	19.514688730373	13.806104926733	16.749216271910	13.825626498815	17.104249941014	15.977390114543	18.139249166583	19.037778905412	20.653150039805	15.528870144754	13.501537940578	7.267302269910	18.595816488617	18.332811991985	
23.801630110542	25.220318632371	26.622688335529	28.016990286313	19.527054938438	0.000000000000	14.778903405841	21.475571679317	23.858019391176	27.047694528219	28.955033330844	12.570827187293	13.689097819939	25.248377710973	12.633258921875	13.730983167296	14.212429496152	17.091931420273	19.575040056313	15.020819727746	14.414189104695	16.887642784343	16.978368431532	30.558643689072	18.554222310762	23.190788338491	19.029093582392	32.045383151172	14.400925915360	19.805327569133	33.480080542435	14.849341975812	14.715299410493	18.162277947635	18.642259591975	28.452672439811	19.151154927132	17.825770714641	20.560891561035	17.310441980396	22.418434262052	18.960480547757	19.285256583601	17.219760656877	18.872312639983	24.481155193600	15.997587919624	34.890146817637	20.353784954096	17.929801493366	23.881357321206	18.747157481807	17.268603559627	16.533431141528	21.197259972072	26.135412015464	30.361865128482	20.827498519269	20.013155621674	20.627358372464	22.761457232241	21.908847225155	36.288222685689	19.530932670068	27.643263022573	19.636267743968	20.703707941982	20.357080683353	26.353054574871	21.430597393639	12.584822032832	22.577651923360	37.680382044361	22.425719767767	22.831212358505	24.224358283085	20.895231801711	18.041971820080	25.614001778466	21.529497098113	18.949702469219	21.264142757890	23.448532666634	20.506660140795	20.900306222354	23.006595373415	20.586710032080	21.012830680813	14.152514715835	21.031899184434	24.254559307956	22.349550245287	13.370901570260	26.169201934623	27.775801890016	14.544933069180	18.034988303541	16.318496997141	17.396831193866	20.947739375329	
25.184887506576	26.603648694108	28.006054363219	29.400374206638	20.914014570359	14.778903405841	0.000000000000	22.862858736317	25.241277470286	28.430981342305	30.338330161863	13.973381020107	15.097907410738	26.631707940922	14.004700122413	15.105156785365	15.637552776862	18.472373295784	20.964155809683	16.431569990184	15.873080358276	18.299216736710	18.392352057529	31.941945220048	19.970088323914	24.579523389643	20.441444222705	33.428686981049	15.932325187194	21.217723777012	34.863385511085	16.276557295330	16.176292856270	19.543021863436	20.054039174056	29.836016974291	20.533276017864	19.239995789783	21.972730377995	18.740308285814	23.830879653691	20.376413094363	20.716645070383	18.654370842630	20.310827091256	25.893625411856	17.383408438848	36.273452353219	21.768238014171	19.318045212113	25.293808463695	20.177362613603	18.746121824682	17.910389668429	22.627883772386	27.547893613734	31.745214632011	22.210297937043	21.430056130619	22.008312469735	24.142527955361	23.325143292262	37.671528504149	20.920045572603	29.055750160653	21.018443863982	22.116428973585	21.797723393843	27.765512605237	22.848043239038	13.980359220488	23.990168644096	39.063688004115	23.840295102765	24.248938566675	25.642226685904	22.276514311083	19.430232469136	27.031941793508	22.946947502083	20.435589798097	22.652758101312	24.829609193738	21.921467157941	22.332436627743	24.422915509733	22.027394432415	22.402323168837	15.854280822938	22.421392245951	25.644124213955	23.732659282807	15.575320711795	27.558791543051	29.165403050187	16.078594608834	19.412277878336	17.704457359560	18.946487681524	22.359717647596	
19.469132176003	20.851462460672	22.235588607786	23.620752116304	10.176323850649	21.475571679317	22.862858736317	0.000000000000	19.525182745567	22.700556983763	24.602886349842	11.037143311850	12.727318895318	20.879436601466	11.140094171065	11.771958430882	14.380859121529	13.817832013709	13.665321143616	14.225998644236	15.874700990379	16.161833707705	16.442960129741	26.204141934270	18.156022395262	16.814023210598	18.366622492351	27.689728588004	17.296785180783	19.146512071469	29.123854682712	15.125859738859	16.234670852507	14.798004343931	17.933406623227	24.076495075576	15.314911170582	17.308485255818	19.856899139192	17.716656732122	21.763557147065	18.566964548767	19.762484314140	17.839620489201	19.652681985756	23.828263174265	9.660209302084	30.533636479799	19.853468001837	10.724584208485	23.226940207909	19.169393152385	19.200791883182	14.080349130824	21.639121238033	25.483429273636	25.983167912082	16.710060842888	19.686590117597	17.197880249699	19.294862565911	21.540734268600	31.931570389164	13.618092754851	26.991722770771	15.778631259714	20.070762190107	21.219929777914	25.699188274832	21.140800534241	10.061132809615	21.928472939457	33.323658837129	21.934445940745	22.560062588757	23.962600915559	17.359416617767	10.871673795741	25.356958226056	21.240004805472	21.063505296718	14.714739219423	19.980072694318	20.032411089055	21.411272398095	22.640153222255	21.451142168649	15.477931884872	18.695811205101	15.497520670333	18.784313641163	18.089288321557	20.087117264381	20.720541115562	22.337155624764	17.473079903840	15.516815963318	9.775293204227	20.540465697615	20.255144786411	
4.506619746818	15.218265455206	17.431112956162	19.132155567609	17.406983678180	23.858019391176	25.241277470286	19.525182745567	0.000000000000	15.209005300161	17.714476327305	13.840991836139	15.448891539864	15.250992841443	13.011503272551	13.437498700663	16.963529340865	14.422347570543	18.374046414130	16.923259435651	18.364614322737	18.849240125776	19.104515399297	19.547035894208	20.800230667454	21.855203019264	21.045193394418	21.136885743553	19.732388229609	21.824580291304	22.620755714379	17.698530990292	18.721550992471	15.265541789988	20.618424861820	18.817033203613	14.667970439167	19.967689835768	22.541235713915	20.277917322034	24.441084674951	21.210598815671	22.317769172199	20.383475415213	22.184542605259	26.505518519205	13.146428315382	24.054858812474	22.510487939522	16.406017097881	25.904404642720	21.729288637318	21.668607642782	15.472100466060	24.197357941217	28.160560022386	20.837996872567	14.528963783125	22.322147338407	17.556055576279	19.586321432647	24.181275847388	25.464820949780	18.328964068023	29.668792903820	15.053864069843	22.745295542802	23.745965451582	28.376577177459	23.772022153202	13.051188796388	24.605219803387	26.862891029865	24.590308117805	25.189112165164	26.590563209624	17.516529002632	16.524970221741	27.984376539470	23.871190804128	23.524053322940	19.884299696416	20.268085859528	22.686105992791	23.963785567703	25.280492595442	23.977068213749	19.936687046817	21.101757725328	19.955939804418	23.201549677353	13.802991519259	22.477524605272	25.124022912782	26.734274280822	19.907843000142	16.865584330816	13.571014773137	22.969948085284	22.937888381025	
15.199602927577	17.388990330124	20.001788119343	21.803414173690	20.581086729723	27.047694528219	28.430981342305	22.700556983763	15.209005300161	0.000000000000	18.198356528982	17.027930663946	18.636341895942	17.424813406346	16.205233441133	16.633273530373	20.151846478915	17.632331037464	21.553900722708	20.110858039061	21.553543839043	22.036898977803	22.292333571970	20.571406828621	23.988156903216	25.034371878953	24.232906470653	22.348439330293	22.921689591228	25.012296459647	23.912697656800	20.886912824316	21.910501013990	18.477958566119	23.806098347615	21.198686491830	17.907575254843	23.155522598026	25.728913379564	23.466373348722	27.628804170061	24.398528643133	25.506264215907	23.572045410973	25.373191712980	29.693239689337	16.313678606622	25.384265040088	25.698334275677	19.584146478808	29.092124526087	24.917753566953	24.857687246826	18.670889466732	27.385833697159	31.348281959364	23.273046669716	17.840183039930	25.510127814652	20.770534554371	22.802113566688	27.369225044185	26.812334528183	21.508813576545	32.856515213883	18.295976032026	25.933033476633	26.934653149774	31.564297525645	26.960029900681	16.236980982684	27.792944103336	28.219308614879	27.778161653419	28.377133597044	29.778591497198	20.735099281116	19.703138771551	31.172408258421	27.059198775905	26.713182649877	23.063232840300	23.483946986952	25.873973016588	27.152298747771	28.468443059677	27.165756639305	23.117137046898	24.291266407442	23.136390656299	26.382106011897	17.345283688450	25.667143142290	28.304614961448	29.914882935021	23.097150191771	20.064879454477	16.739375046437	26.159291985228	26.125575820020	
17.693033634020	18.769397758495	21.638741319306	23.493014914837	22.482968467840	28.955033330844	30.338330161863	24.602886349842	17.714476327305	18.198356528982	0.000000000000	18.934314781318	20.542904559440	18.807555253131	18.113984286457	18.542734488568	22.058711665571	19.546701162794	23.457804611281	22.017472453853	23.460622652474	23.943534424153	24.199024630180	20.195865557997	25.894885678115	26.938035174950	26.139560844967	22.478993324932	24.828898079089	26.918951913298	24.215195495311	22.793800584089	23.817586979092	20.393164726241	25.712738902219	22.724817062835	19.832030668319	25.062218748521	27.635555393233	25.373286993990	29.535460784957	26.305258671577	27.413191473539	25.478998817077	27.280172717388	31.599896888918	18.213140924020	25.759958681313	27.605035163902	21.487444705550	30.998781276508	26.824670318336	26.764818404590	20.581395633368	29.292754225668	33.254939426619	24.832191712800	19.788213664971	27.416875519785	22.686448186924	24.718477191391	29.275961832699	27.221996095403	23.412715780686	34.763172811367	20.221275910306	27.839696527721	28.841647615980	33.470954438316	28.866787123368	18.142964774657	29.699602395410	28.645353540448	29.684865054470	30.283895595466	31.685355888180	22.652413614054	21.606450759138	33.079173846911	28.965956076870	28.620331147745	24.966813374301	25.400334243336	27.780681125387	29.059232332745	30.375180290536	29.072751359239	25.021249932737	26.198547180520	25.040503840932	28.286256196145	19.362258040401	27.574462213734	30.208777672359	31.819051470190	25.004360712485	21.975560943314	18.639229886141	28.066515305500	28.032221245265	
13.784667559689	15.196429933759	16.595363302779	17.987953681099	9.126002773567	12.570827187293	13.973381020107	11.037143311850	13.840991836139	17.027930663946	18.934314781318	0.000000000000	1.962808201801	15.224472953406	3.544319747747	4.442336876174	4.510801146841	7.327426996898	8.915979813802	3.606801922190	6.507787105141	5.607288463363	6.062637850376	20.537477054663	7.892498361603	12.579399538372	7.871291855355	22.023997310136	8.177507805700	8.654567057791	23.458586107971	5.315154631119	6.882426449855	8.372076182807	7.394797073491	18.427401613002	9.239696899323	6.944051200610	9.322850187587	7.972293977695	11.275255310109	8.307279022541	10.052217879706	8.193271973319	10.071590774002	13.341795871087	5.722053245975	24.868598318441	9.503791399237	7.378554308581	12.739063590506	9.432860427306	9.938419540552	7.044502645265	11.912070515461	14.997801878664	20.336119560027	10.853683759025	9.480666811619	10.819091911785	12.943100577137	11.301691793180	26.266647209788	8.872232979443	16.506504015739	9.719818077182	9.602659485256	11.669869333256	15.211820737149	10.963518415065	1.193244601368	11.445433791429	27.658793093742	11.592584831106	12.397065852723	13.806738592982	11.058428239479	7.488677265589	15.204661103072	11.062957308183	11.834354056711	10.667548216112	13.629672607709	9.705167362015	11.716662025085	12.402458050216	11.901661640613	10.305643448401	9.699324066327	10.324637953871	13.538010097882	12.346659898185	11.151820290130	15.449451008121	17.054552279723	8.357393990043	8.521367131050	6.027892078776	11.447203713708	9.731769257222	
15.392555115417	16.805612879135	18.205189712107	19.598100777758	10.808625547182	13.689097819939	15.097907410738	12.727318895318	15.448891539864	18.636341895942	20.542904559440	1.962808201801	0.000000000000	16.833658904683	4.995783114310	5.926023426817	4.938291998681	8.889564519041	10.651484121904	2.111638003493	7.385399900738	4.399089929840	5.501816803687	22.146150647647	7.646988866066	14.305018484490	6.910500084629	23.632711909172	9.197686552953	7.707053082517	25.067321021889	5.811689047796	7.769553228327	9.938737161102	6.255822158546	20.036843304730	10.828113098147	6.430835083661	8.203372583456	8.540037931051	10.341923143710	8.070891514538	10.654239518433	8.855618788099	10.790737721546	12.415563141351	7.379628637028	26.477343346593	9.033376368091	9.091765919225	11.807379480359	10.008612262626	10.880707008816	8.560127121065	12.497410181345	14.074810108146	21.945650146544	12.453548555633	9.365057850526	12.388950864387	14.514752363314	11.113187128585	27.875397284691	10.607662371583	15.585086935477	11.309144311095	8.745953272699	12.414484075500	14.282107719074	10.907340420010	3.039681144338	10.532392263706	29.267545689482	11.144295787389	12.369365516778	13.792983461311	12.633369941447	9.202310006448	15.197807037072	11.007253122460	12.795750033586	12.390108064066	15.201413963400	9.297280351369	12.333919303369	12.217011237533	12.646743400313	12.051165087102	10.778079700825	12.070175019602	15.285484043901	13.951921961804	12.257304490821	17.197592868950	18.803006824377	9.379387139771	10.041011076833	7.688451322685	12.480382002902	8.657277775373	
15.213448891190	4.512814286115	16.613966754455	18.818975471302	18.758009102795	25.248377710973	26.631707940922	20.879436601466	15.250992841443	17.424813406346	18.807555253131	15.224472953406	16.833658904683	0.000000000000	14.412031059294	14.843139115889	18.350476065635	15.863313011091	19.739653200065	18.308399622904	19.753099910781	20.234531826435	20.490207729957	20.107843016280	22.186194707603	23.219075336834	22.430621453457	21.427594527396	21.121807891548	23.210016125943	22.774106149162	19.085640324372	20.110088096335	16.712519717892	22.003753362755	16.609324487985	16.181410811677	21.353418851181	23.926574726071	21.665213125731	25.826528875258	22.596571886266	23.705163033937	21.771057639231	23.572323634252	27.890966931607	14.479997655414	24.138775941458	23.896251085440	17.767257371746	27.289849819357	23.116606816260	23.057470282165	16.885264812296	25.584703329074	29.546010363132	19.114836798692	16.211547850463	23.708247750275	19.008120702821	21.041621969846	25.567297616980	25.513809468871	19.694558711007	31.054244182743	16.573368175375	24.130786109729	25.133843452461	29.762023522954	25.158191128443	14.431785884048	25.990676086165	26.894359223850	25.976089366058	26.575315544204	27.976783824354	18.978664228225	17.886309711737	29.370605780887	25.257360343276	24.913040867071	21.247575345517	21.723556299693	24.071921155499	25.351225008976	26.666517551644	25.364948042354	21.303800439405	22.491698061547	21.323055350867	24.568931936009	15.982998496201	23.867740803117	26.491495469487	28.101788821403	21.297277304951	18.280010588398	14.907416814176	24.359474586589	24.323251970420	
12.955017518194	14.383948319303	15.791372086764	17.188184597079	9.153964073125	12.633258921875	14.004700122413	11.140094171065	13.011503272551	16.205233441133	18.113984286457	3.544319747747	4.995783114310	14.412031059294	0.000000000000	1.352740477949	6.239640999776	5.814630361759	9.438839885448	6.425699724507	7.427990755880	8.333540518834	8.540190153462	19.718256904371	10.202301202160	13.014537887223	10.513064321980	21.205320235721	8.656387065217	11.291510645761	22.640178041965	6.953062347223	7.777451913767	6.934443587242	10.098303017769	17.618337108851	8.138827633540	9.398857205218	12.019849262827	9.507466044624	13.907002631057	10.611543617696	11.534072408360	9.574115039923	11.347776637587	15.970926558030	5.488747337708	24.050324175158	11.937453655309	7.700778481925	15.370204414684	10.955821772070	10.676712908762	4.633367188403	13.420218640641	17.625734575688	19.528228105917	9.915365687952	11.707156284762	9.433483953831	11.586260093961	13.576139930733	25.448439888299	9.394435260186	19.133853852847	8.632211779138	12.205593771214	12.895710941625	17.842235451460	13.148402887916	3.079207307662	14.069674733202	26.840619148953	14.015042100640	14.561150673444	15.960423122920	9.753645908532	7.814787748438	17.353145229505	13.247500434987	12.513557809308	11.075148691882	12.274261891889	12.106652734217	13.173905443428	14.674958201954	13.126558703560	10.915564678314	9.944364609480	10.934691931688	14.164699630706	11.481896734420	11.275877614452	16.081862958204	17.689640697888	8.829590076772	6.197082676681	5.826712526568	11.877468607253	12.413542213344	
13.380964203830	14.815044538458	16.224990659347	17.623051568791	9.773636691934	13.730983167296	15.105156785365	11.771958430882	13.437498700663	16.633273530373	18.542734488568	4.442336876174	5.926023426817	14.843139115889	1.352740477949	0.000000000000	7.225731865931	5.967504314493	10.129306737044	7.364921611289	8.460335079778	9.276428367131	9.492976017297	20.147339821819	11.161997742576	13.693981706327	11.459283000287	21.634565785710	9.720023417482	12.237920427005	23.069504126299	7.943756986914	8.811456400418	7.125378510874	11.042086113307	18.050450412725	8.473822081519	10.352566738536	12.963888527914	10.503513620966	14.853618158437	11.571472647578	12.532968960727	10.578554118992	12.358166788680	16.917645733894	6.061071120222	24.479690346553	12.892025096016	8.365140219967	16.316843963610	11.952517275185	11.721381721213	4.048495580602	14.417703751948	18.572501215511	19.960689965082	10.307127882637	12.670383213838	9.649384059861	11.815502374342	14.537325859032	25.877826059949	10.084821609780	20.080643587656	8.972112894999	13.153352330995	13.909042148123	18.788903761531	14.113420691419	3.913921103765	15.016587678841	27.270015310121	14.970071705994	15.527071148175	16.926796840258	10.006229703033	8.479685926791	18.319746057016	14.212533012187	13.562399953387	11.751009471596	12.504158902966	13.062542640815	14.174134699310	15.636226560841	14.139945586252	11.616412253308	11.026575656747	11.635554927663	14.867485583104	11.897103004494	12.368266601922	16.785306022102	18.393390341958	9.893737564608	5.714394730304	6.405272916304	12.944849174794	13.358181339243	
16.907172330545	18.322424947715	19.723091815764	21.116546074853	12.449398649298	14.212429496152	15.637552776862	14.380859121529	16.963529340865	20.151846478915	22.058711665571	4.510801146841	4.938291998681	18.350476065635	6.239640999776	7.225731865931	0.000000000000	10.326165795756	12.382244031513	6.007788920553	7.128611467348	7.756610099504	7.459847893969	23.662099763186	8.670472616745	16.018818934505	9.781129482725	25.148730501267	9.443387299892	10.550287691517	26.583374033266	2.260186798309	7.551116522159	11.383103284837	9.480907179550	21.554093710117	12.309656662589	8.263923053927	11.390726590771	6.132521443823	13.155729195769	9.062527340713	8.643880340143	7.393789963315	9.731384973012	15.214569820602	8.978163438049	27.993413494349	10.750171896984	10.784389249105	14.617754087468	7.701084384641	10.869742051408	9.915994281338	10.303517421055	16.867045471696	23.463051141263	13.954558118893	9.896421419367	13.838799170451	15.967671368786	11.931480228073	29.391475983061	12.338293427245	18.374028828155	12.792237444363	11.397493706572	11.510597687919	17.088375063007	11.179327407306	5.036893241313	13.303778085435	30.783628658854	12.799347584620	12.507144028049	13.862347794217	14.091918779174	10.895650330296	15.232611771649	11.277064055372	12.851312804112	14.098676728725	16.654486329135	10.836445190914	10.477457528318	13.023858471783	11.745588096784	13.799205547343	11.194758684416	13.818242174520	17.036904885784	15.462088758966	12.746820481002	18.950171195293	20.556127204626	9.630640615353	11.403924473451	9.292008455458	12.765485484001	11.756674675274	
14.365473015752	15.835137421407	17.262265867201	18.668771976611	11.771130863576	17.091931420273	18.472373295784	13.817832013709	14.422347570543	17.632331037464	19.546701162794	7.327426996898	8.889564519041	15.863313011091	5.814630361759	5.967504314493	10.326165795756	0.000000000000	12.391727388018	10.350762539056	11.670235925625	12.271382551870	12.512418641517	21.153602140765	14.198417167205	15.917523532723	14.462501011432	22.641949185252	13.002572341628	15.241611852044	24.077442423744	11.055219235334	12.025234772399	4.304542254932	14.039263616565	19.077490988831	8.681668090876	13.374283980659	15.961701956384	13.627763859935	17.857819187005	14.608461539109	15.664008542577	13.722766896184	15.516474026024	19.922103450830	7.858099145003	25.487904789691	15.915863364948	10.534163530968	19.321104484251	15.078312663950	14.960001767750	7.520603113516	17.545381307093	21.577076470603	20.990105503653	11.036259796909	15.715438651590	7.795523084245	10.335166498595	17.577391598136	26.886178262359	12.346961194241	23.085276032658	9.231201994265	16.160382844159	17.074296714187	21.793235510775	17.162847664242	6.638180595713	18.021525210482	28.278436315235	17.995036845117	18.578699205668	19.979529502130	9.045428457247	10.650675094033	21.373032065149	17.261996021954	16.810711416978	13.961740328993	11.040447746513	16.089622562269	17.308345971994	18.676493978709	17.305331556654	13.914735063977	14.351905043094	13.933930574446	17.172438389781	12.805108828996	15.716972099533	19.092501214914	20.701630841071	13.177466420654	8.821779806041	8.229830550868	16.236037506582	16.357483344195	
18.317890002450	19.711652185794	21.101568345147	22.489645716462	12.046059796610	19.575040056313	20.964155809683	13.665321143616	18.374046414130	21.553900722708	23.457804611281	8.915979813802	10.651484121904	19.739653200065	9.438839885448	10.129306737044	12.382244031513	12.391727388018	0.000000000000	12.164165566796	13.923344486749	14.105653958004	14.401425227507	25.059801262331	16.124150156520	12.242750836117	16.315481381972	26.545750932358	15.371616694345	17.095656585044	27.980056979962	13.132496099344	14.284804804711	13.391296073255	15.878592113679	22.939004019025	14.021404255192	15.268267333872	17.802473885803	15.729241173365	19.713008757390	16.535409821887	17.778163915760	15.861181387488	17.680360156532	21.777869327274	9.367414315461	29.389928398039	17.814471925567	8.639913992165	21.176427644768	17.182685889023	17.260217874834	12.506730397311	19.653273667315	23.433106160083	24.846476440340	15.494069451648	17.659488279983	15.805622678153	17.910994653217	19.510887842001	30.787907032838	0.542298804517	24.941434066343	14.490746940845	18.021912050568	19.250558854399	23.648718599276	19.116077449136	7.843524290299	19.878367714454	32.180017822710	19.896096552733	20.536528209193	21.939660829278	15.991519472593	8.712727800914	23.334315284510	19.215301230600	19.126439164834	10.862793676698	18.596629592667	17.995270704390	19.428382856717	20.610418344802	19.481826658728	10.044233098257	16.784506214863	10.066343152273	13.637576707370	16.915753771244	18.182957085093	15.659296062219	17.314067984892	15.548308233950	13.953162699716	9.600357938041	18.618183188700	18.201628384647	
16.866919490891	18.280352725886	19.680116133228	21.073120199421	12.305023888024	15.020819727746	16.431569990184	14.225998644236	16.923259435651	20.110858039061	22.017472453853	3.606801922190	2.111638003493	18.308399622904	6.425699724507	7.364921611289	6.007788920553	10.350762539056	12.164165566796	0.000000000000	8.637855752052	3.246919873537	5.800030398008	23.620742836798	8.281032203446	15.814594891396	6.507091736967	25.107315984683	10.498252277484	7.334977819771	26.541930986108	6.912941520231	9.025336902359	11.401230048935	5.347638190067	21.511658170569	12.296853176273	6.788351701773	7.359070167735	9.672561069627	10.002515212648	8.712941253309	11.801276579908	10.027374175924	11.984866029850	12.092205453185	8.868545397790	27.951956242656	9.441280616169	10.597488691698	11.471715286262	11.144557533627	12.155443753858	10.008065967439	13.637427492614	13.758713378691	23.420490787528	13.925591279006	10.106129476102	13.852359995779	15.978675449806	11.796003072594	29.350011643677	12.120320161399	15.272503284974	12.778146495677	8.569824276624	13.618377467561	13.950906864964	11.692812602323	4.596708143148	10.238333156867	30.742160779194	11.577217353970	13.175206221828	14.608594778453	14.098236716833	10.708162829870	16.018205214279	11.793068857668	14.076920659646	13.898730004383	16.665362732550	9.774170257882	13.487296363719	12.902360735185	13.850814375887	13.567027700512	12.097419879749	13.586042560770	16.801970997766	15.425525861195	13.585043475143	18.714293758715	20.319807928072	10.680542371878	11.490092576355	9.178252768297	13.785159811354	7.951691881163	
18.308242763162	19.725045200373	21.126480700559	22.520317727603	13.935144787353	14.414189104695	15.873080358276	15.874700990379	18.364614322737	21.553543839043	23.460622652474	6.507787105141	7.385399900738	19.753099910781	7.427990755880	8.460335079778	7.128611467348	11.670235925625	13.923344486749	8.637855752052	0.000000000000	10.470487608903	10.457912798658	25.064111011375	11.949093429187	17.549784428107	12.579232540312	26.550790796853	8.897331176032	13.353530716894	27.985458626294	7.638062874995	2.314121635033	12.733017754500	12.216496864690	22.957023137881	13.687023316516	11.294655311865	14.132642857361	9.925508235261	15.964545844584	12.352290829804	11.793440482717	9.480652231872	10.785072031341	18.026210164327	10.436537427842	29.395510184121	13.812551963460	12.302509418238	17.427224200411	11.338926308913	9.021649367957	11.196886668863	13.759859419446	19.679982465938	24.866086759038	15.345955971771	13.359886475907	15.192816811489	17.323978909557	15.283849210297	30.793578708733	13.879317384333	21.187597564364	14.170729519590	14.238056237104	12.050715217940	19.898628329136	14.751466750064	6.750814067399	16.120726227374	32.185734399420	15.879039014012	16.138652043484	17.524951363231	15.452408990761	12.414208856037	18.911137688389	14.850148828434	11.447981912094	15.626488532603	18.010908076380	13.949615390728	13.354221471128	16.380479351995	12.275801142555	15.350496290320	11.152676443044	15.369548553983	18.590173136154	16.860007912242	12.875797422543	20.504115383014	22.110387728500	9.103875258951	12.690510149743	10.753682305383	12.351401455913	14.513625647533	
18.792898750314	20.206484575271	21.606323800783	22.999365658369	14.239936360143	16.887642784343	18.299216736710	16.161833707705	18.849240125776	22.036898977803	23.943534424153	5.607288463363	4.399089929840	20.234531826435	8.333540518834	9.276428367131	7.756610099504	12.271382551870	14.105653958004	3.246919873537	10.470487608903	0.000000000000	7.058793744864	25.546814680316	9.788720917943	17.754830870747	6.851729541243	27.033392658717	12.351767197804	7.740940491001	28.468010053258	8.676838096773	10.859426935438	13.322377867804	3.922473716458	23.437820505827	14.220545157200	8.096471714110	6.297754214601	11.451094716414	10.469355798467	10.225762590833	13.586527652463	11.823952126079	13.791577173124	12.587879228371	10.800429527866	29.878036501280	10.789357447681	12.536169324001	11.945343096596	12.924679539349	13.997799520821	11.923271442382	15.419435890971	14.267207217311	25.346663597037	15.850626735861	11.679933128274	15.773881192421	17.900406052236	13.334478156584	31.276092496817	14.061799014057	15.787150902081	14.701945136265	9.301389625217	15.429477239572	14.432577041054	13.292557303095	6.556943777534	10.784913802912	32.668241929294	12.944485293822	14.786581816993	16.225491510522	16.020351748005	12.646895968756	17.637793354950	13.393011111146	15.922067280132	15.838580858436	18.587103798435	11.174172798946	15.275466131309	14.442404205600	15.661993769008	15.509798486391	13.958973419545	15.528815332572	18.744993383756	17.351196026024	15.450174152935	20.657402351458	22.262956901514	12.534310609117	13.405765370765	11.110495176096	15.640483400687	7.488351730798	
19.048170240314	20.462159542479	21.862199208188	23.255340965408	14.518660098133	16.978368431532	18.392352057529	16.442960129741	19.104515399297	22.292333571970	24.199024630180	6.062637850376	5.501816803687	20.490207729957	8.540190153462	9.492976017297	7.459847893969	12.512418641517	14.401425227507	5.800030398008	10.457912798658	7.058793744864	0.000000000000	25.802330992540	8.233231891234	18.047369288899	8.422480161908	27.288921743362	12.403058067157	9.142212097348	28.723545465530	8.434678397563	10.851392834076	13.564821512543	8.634363042267	23.693576071418	14.469756487712	3.482977965369	10.498557638037	11.260519568770	11.692507219494	8.708874876724	13.419124983804	11.694904521489	13.696104752963	13.722761481008	11.071241779742	30.133575063913	7.273723444128	12.824683855043	13.147956366454	12.739612716566	14.015272649521	12.149796327724	15.240887535590	15.361958470770	25.602446853464	16.103400379575	10.567828031573	16.017319833554	18.144402461588	11.999109193773	31.531632631402	14.357545686358	16.862437138528	14.951439569787	9.583918600162	15.348336820533	15.610665177105	12.328174359977	6.902666115726	11.756991559488	32.923782849065	9.801126052988	13.884606565764	15.352379693418	16.265371609868	12.935546503285	16.778580598233	12.429706926650	15.948063905446	16.130123842205	18.831128072926	8.536781335744	15.118031941014	13.117561420404	15.581112222573	15.808873265948	14.034198314538	15.827895222687	19.044715499970	17.605649900276	15.535937585661	20.957346207170	22.563004613216	12.586361075589	13.633547808144	11.382245280775	15.697190050047	10.751157271632	
19.521842481144	20.068026878370	23.101677078493	24.985671770450	24.084013214474	30.558643689072	31.941945220048	26.204141934270	19.547035894208	20.571406828621	20.195865557997	20.537477054663	22.146150647647	20.107843016280	19.718256904371	20.147339821819	23.662099763186	21.153602140765	25.059801262331	23.620742836798	25.064111011375	25.546814680316	25.802330992540	0.000000000000	27.498209745432	28.539918643939	27.742849986713	21.855974193729	26.432447290328	28.522241561726	24.095399984423	24.397199276652	25.421078694209	22.000455832066	27.316021556423	24.120985074801	21.443621978009	26.665527501328	29.238838732385	26.976697836006	31.138750978518	27.908583327325	29.016608704479	27.082428320547	28.883615173597	33.203187356952	19.813044950001	25.810767015262	29.208346140712	23.089156396703	32.602071533690	28.428082618204	28.368331327821	22.186490401234	30.896168298321	34.858230020310	26.248875123554	21.410635085037	29.020208473143	24.294069243390	26.326308026391	30.879289661702	27.345352434063	25.014711639398	36.366463466192	21.833258382190	29.442989742669	30.445096390132	35.074244771664	30.470124544312	19.745939106205	31.302893376302	28.802359253907	31.288177210858	31.887235258153	33.288696673938	24.260687425298	23.208168926072	34.682515194781	30.569293534559	30.223852208191	26.568657904903	27.008176093104	29.383995491691	30.662652533382	31.978508327180	30.676200252472	26.623344886205	27.802130310537	26.642598934926	29.888368691429	21.015309024253	29.178063313968	31.810896058952	33.421172595921	26.607910877635	23.580737776009	20.239319095403	29.670071476777	29.635506185956	
20.743882942031	22.158145885219	23.558321456403	24.951530940538	16.230125814860	18.554222310762	19.970088323914	18.156022395262	20.800230667454	23.988156903216	25.894885678115	7.892498361603	7.646988866066	22.186194707603	10.202301202160	11.161997742576	8.670472616745	14.198417167205	16.124150156520	8.281032203446	11.949093429187	9.788720917943	8.233231891234	27.498209745432	0.000000000000	19.767971271172	11.531030876590	28.984809158238	13.947521914133	12.281189037409	30.419437171634	9.705182772203	12.346465447685	15.251785725337	11.444963851887	25.389617065434	16.161347971343	8.805251317653	13.334412989605	12.584997079602	14.865767038551	3.590625218928	14.766983279170	13.080295962206	15.113211587179	16.913931831809	12.777428188695	31.829468906498	11.033924206999	14.542635485477	16.325327732255	14.069697325152	15.531910776481	13.825771675092	16.577567749763	18.561480784086	27.298506622926	17.797416959830	10.071074679328	17.704966008099	19.832430677010	10.211808651599	33.227527540038	16.080254484403	20.066058216449	16.643224045461	12.983153327646	16.778671005103	18.792990374363	12.335484650420	8.659183146569	14.982874750680	34.619678290189	12.924908661792	14.062943154395	15.603472406981	17.954100367790	14.653587855573	17.063425859163	12.440148787348	17.471796456800	17.850070997248	20.519175369743	10.610332096456	16.475782734188	11.418374651387	17.011683656014	17.533761677612	15.597846015934	17.552786976697	20.770027162673	19.300807805075	17.107902321473	22.682802798721	24.288529075861	14.131440143305	15.310396607658	13.089059195788	17.246031111643	13.650846955727	
